10 58
301 54
268 50
8 49
382 48
195 45
151 44
55 43
420 42
29 41
34 41
376 41
2 40
488 40
306 39
327 39
408 39
28 38
60 37
67 37
75 37
77 37
273 37
294 37
94 36
218 36
389 36
31 35
133 35
140 35
281 35
128 33
147 33
264 33
332 33
365 33
396 33
427 33
428 33
26 32
93 32
194 32
130 31
178 31
321 31
360 31
14 30
22 30
101 30
188 30
226 30
251 30
303 30
341 30
481 30
30 29
98 29
269 29
416 29
498 29
62 28
71 28
132 28
214 28
265 28
267 28
407 28
495 28
12 27
19 27
141 27
152 27
277 27
295 27
297 27
311 27
320 27
351 27
359 27
451 27
3 26
51 26
64 26
107 26
124 26
225 26
236 26
258 26
261 26
262 26
334 26
340 26
418 26
493 26
170 25
196 25
270 25
367 25
375 25
7 24
47 24
146 24
176 24
220 24
290 24
348 24
357 24
384 24
425 24
467 24
496 24
6 23
37 23
131 23
209 23
361 23
419 23
442 23
477 23
483 23
484 23
18 22
53 22
59 22
73 22
120 22
139 22
197 22
284 22
315 22
328 22
350 22
362 22
372 22
400 22
411 22
460 22
27 21
100 21
253 21
263 21
272 21
335 21
337 21
378 21
405 21
431 21
472 21
490 21
149 20
166 20
192 20
200 20
212 20
219 20
234 20
238 20
390 20
443 20
447 20
494 20
52 19
83 19
86 19
122 19
145 19
213 19
252 19
279 19
283 19
383 19
395 19
410 19
422 19
433 19
438 19
459 19
482 19
489 19
110 18
118 18
143 18
242 18
278 18
305 18
329 18
342 18
41 17
79 17
85 17
103 17
119 17
137 17
187 17
239 17
271 17
275 17
324 17
333 17
356 17
358 17
369 17
413 17
457 17
9 16
13 16
24 16
25 16
95 16
112 16
123 16
167 16
184 16
246 16
248 16
257 16
316 16
331 16
393 16
399 16
404 16
409 16
429 16
448 16
455 16
479 16
61 15
78 15
153 15
155 15
174 15
189 15
210 15
292 15
296 15
318 15
445 15
474 15
4 14
32 14
49 14
82 14
108 14
113 14
134 14
183 14
205 14
232 14
302 14
392 14
412 14
446 14
449 14
84 13
90 13
96 13
158 13
161 13
175 13
215 13
227 13
241 13
244 13
249 13
276 13
336 13
374 13
423 13
463 13
487 13
46 12
116 12
127 12
142 12
157 12
233 12
250 12
291 12
326 12
385 12
453 12
480 12
11 11
16 11
23 11
35 11
50 11
54 11
56 11
57 11
65 11
91 11
111 11
114 11
126 11
129 11
163 11
171 11
179 11
202 11
207 11
247 11
304 11
330 11
344 11
355 11
363 11
379 11
387 11
401 11
415 11
435 11
1 10
21 10
66 10
99 10
104 10
109 10
125 10
204 10
223 10
256 10
259 10
274 10
288 10
314 10
317 10
394 10
454 10
458 10
471 10
17 9
40 9
80 9
92 9
173 9
185 9
186 9
203 9
208 9
216 9
255 9
286 9
353 9
366 9
368 9
381 9
426 9
444 9
469 9
5 8
68 8
156 8
193 8
231 8
243 8
266 8
293 8
298 8
307 8
312 8
338 8
346 8
370 8
377 8
417 8
430 8
491 8
45 7
74 7
76 7
88 7
121 7
135 7
154 7
160 7
172 7
217 7
229 7
235 7
254 7
285 7
313 7
339 7
402 7
403 7
434 7
492 7
499 7
33 6
97 6
106 6
138 6
150 6
162 6
180 6
201 6
228 6
308 6
354 6
380 6
391 6
456 6
462 6
478 6
486 6
500 6
15 5
43 5
48 5
87 5
136 5
165 5
190 5
222 5
224 5
260 5
289 5
325 5
352 5
432 5
473 5
485 5
44 4
177 4
280 4
287 4
310 4
323 4
364 4
398 4
414 4
468 4
102 3
144 3
168 3
181 3
198 3
211 3
221 3
240 3
371 3
386 3
388 3
39 2
81 2
159 2
245 2
349 2
421 2
440 2
450 2
476 2
72 1
117 1
164 1
191 1
199 1
230 1
237 1
322 1
343 1
475 1
89 0
105 0
282 0
299 0
300 0
309 0
406 0
439 0
