127 3
46 23
111 6
70 23
102 18
20 3
193 17
18 13
1 22
24 51
171 23
34 20
198 37
115 37
122 35
118 26
170 17
191 25
131 40
57 31
60 25
107 34
128 26
190 36
169 49
156 17
173 43
53 15
174 32
132 35
99 9
154 19
6 34
44 42
119 11
167 33
69 31
8 42
7 12
144 28
184 13
43 6
175 11
100 39
14 33
158 12
16 46
28 9
62 16
124 24
148 30
123 43
21 43
117 31
56 37
110 22
186 46
141 33
163 31
109 52
58 19
106 66
165 39
126 30
42 17
54 16
68 70
51 35
183 17
52 50
134 22
82 16
86 37
65 32
26 46
39 35
164 37
162 44
149 53
55 21
85 67
114 68
196 65
2 40
88 37
90 33
189 18
113 18
129 47
45 64
35 45
185 15
146 46
41 42
31 6
133 38
29 39
4 36
176 10
159 22
150 40
48 21
81 36
17 34
37 18
15 47
151 55
89 44
200 39
71 46
168 53
13 51
130 20
84 33
30 65
59 63
197 17
64 50
145 49
135 45
38 45
143 27
36 50
27 27
87 42
78 46
40 49
5 14
33 27
181 75
66 49
92 34
194 39
195 19
74 44
139 26
161 20
76 17
199 44
108 41
94 27
101 39
47 50
97 46
96 29
155 32
32 30
98 24
104 19
140 31
79 56
3 49
125 51
77 38
121 47
12 10
166 52
153 41
112 33
95 80
9 26
178 48
93 45
147 68
22 47
73 52
138 21
188 39
137 33
103 54
157 58
11 21
80 46
61 21
160 26
179 52
105 50
25 53
172 7
63 32
192 37
136 14
72 76
67 49
23 57
142 67
152 81
120 37
91 47
180 21
50 20
19 49
177 30
83 46
10 83
182 10
75 31
116 27
187 54
49 22
