127 3
111 6
46 23
102 18
70 23
20 3
122 35
171 23
115 37
53 15
132 35
24 51
34 20
193 17
18 13
198 37
99 9
1 22
154 19
118 26
170 17
191 25
131 40
119 11
167 33
69 31
8 42
44 42
7 12
57 31
60 25
107 34
144 28
184 13
43 6
175 11
100 39
14 33
196 65
128 26
173 43
190 36
113 18
169 49
156 17
185 15
146 46
41 42
174 32
6 34
133 38
31 6
176 10
159 22
90 33
37 18
158 12
15 47
16 46
28 9
48 21
62 16
124 24
71 46
148 30
89 44
123 43
21 43
117 31
130 20
84 33
88 37
56 37
110 22
186 46
189 18
141 33
163 31
151 55
109 52
197 17
64 50
145 49
135 45
27 27
36 50
87 42
106 66
129 47
58 19
2 40
150 40
165 39
38 45
40 49
5 14
33 27
66 49
195 19
139 26
161 20
76 17
59 63
74 44
199 44
29 39
94 27
101 39
47 50
97 46
96 29
155 32
32 30
98 24
104 19
126 30
140 31
79 56
200 39
3 49
125 51
54 16
77 38
112 33
121 47
12 10
166 52
153 41
168 53
9 26
42 17
68 70
178 48
30 65
4 36
85 67
45 64
51 35
181 75
149 53
183 17
52 50
93 45
147 68
17 34
22 47
73 52
11 21
138 21
188 39
137 33
103 54
114 68
134 22
61 18
80 46
160 26
179 52
105 50
35 45
25 53
172 7
63 32
192 37
136 14
95 80
82 16
72 76
86 37
67 49
23 57
142 67
39 35
65 32
143 27
13 51
26 46
194 39
120 37
108 41
152 81
164 37
92 34
81 36
91 47
180 21
50 20
162 44
78 46
19 49
55 21
177 30
157 58
83 46
10 83
182 10
75 31
116 27
187 54
49 22
