1 22
10 83
100 39
101 39
102 18
103 54
104 19
105 50
106 66
107 34
108 41
109 52
11 21
110 22
111 6
112 33
113 18
114 68
115 37
116 27
117 31
118 26
119 11
12 10
120 37
121 47
122 35
123 43
124 24
125 51
126 30
127 3
128 26
129 47
13 51
130 20
131 40
132 35
133 38
134 22
135 45
136 14
137 33
138 21
139 26
14 33
140 31
141 33
142 67
143 27
144 28
145 49
146 46
147 68
148 30
149 53
15 47
150 40
151 55
152 81
153 41
154 19
155 32
156 17
157 58
158 12
159 22
16 46
160 26
161 20
162 44
163 31
164 37
165 39
166 52
167 33
168 53
169 49
17 34
170 17
171 23
172 7
173 43
174 32
175 11
176 10
177 30
178 48
179 52
18 13
180 21
181 75
182 10
183 17
184 13
185 15
186 46
187 54
188 39
189 18
19 49
190 36
191 25
192 37
193 17
194 39
195 19
196 65
197 17
198 37
199 44
2 40
20 3
200 39
21 43
22 47
23 57
24 51
25 53
26 46
27 27
28 9
29 39
3 49
30 65
31 6
32 30
33 27
34 20
35 45
36 50
37 18
38 45
39 35
4 36
40 49
41 42
42 17
43 6
44 42
45 64
46 23
47 50
48 21
49 22
5 14
50 20
51 35
52 50
53 15
54 16
55 21
56 37
57 31
58 19
59 63
6 34
60 25
61 21
62 16
63 32
64 50
65 32
66 49
67 49
68 70
69 31
7 12
70 23
71 46
72 76
73 52
74 44
75 31
76 17
77 38
78 46
79 56
8 42
80 46
81 36
82 16
83 46
84 33
85 67
86 37
87 42
88 37
89 44
9 26
90 33
91 47
92 34
93 45
94 27
95 80
96 29
97 46
98 24
99 9
